AUTOMATED //Duplicates are not appearing
0: 17 125 
1: 1 7 253000
2: 0 253 2024 14168
3: 1 20 24 512072 28676032 
4: 0 2 4 72 512 2024 2867 6032 
5: 1 2 7 20 24 28 32 60 67 4048 8096 1036288 
6: 0 2 3 4 6 7 8 40 48 80 96 2024 4048 14168 2097446912 

MANUAL
0: 17 125
1: 1 7 253000
2: 0 253 2024 14168
3: 1 20 24 512072 28676032
4: 0 2 2 4 72 512 2024 2867 6032
5: 1 2 7 20 24 28 32 60 67 4048 4048 8096 1036288
6: 0 0 2 2 2 2 3 4 6 6 7 8 40 40 48 48 80 96 2024 4048 14168 2097446912

*Common occurances:
{0, 1, 2, 4, 8, 9, 20, 24, 40, 48, 80, 96, 2024, 4048, 8096, 16192, 18216}